
strategic_region={
	id=128
	name="STRATEGICREGION_128"
	provinces={
		992 1028 1064 1068 1071 1080 1151 1155 1206 3996 4055 4068 4073 4076 4143 4145 4910 5069 5078 7011 7030 7073 7079 7091 7117 7144 7148 7156 7164 7188 9947 9957 9989 10005 10028 10031 10061 10073 10097 10126 10844 11910 11964 11967 11974 11999 12002 12004 12033 12044 12049 12071 12091 12771 12889 
	}
	weather={
		period={
			between={ 0.0 30.11 }
			temperature={ -14.0 4.0 }
			no_phenomenon=0.775
			rain_light=0.000
			rain_heavy=0.000
			snow=0.075
			blizzard=0.075
			arctic_water=0.075
			mud=0.000
			sandstorm=0.000
			min_snow_level=0.0
		}
	}
}
