
strategic_region={
	id=13
	name="STRATEGICREGION_13"
	provinces={
		37 52 136 139 141 165 193 2332 3013 3030 3050 3060 3061 3068 3125 3131 3133 3185 3187 6033 6052 6078 6082 6146 6150 6153 6156 6186 6210 9056 9061 9073 9100 9104 9105 9106 9150 9163 9169 9176 9181 9183 9206 11043 11046 11056 11076 11138 11141 11156 11162 11199 11210 13104 13105 13108 13109 13110 13111 13112 13114 13115 13118 
	}
	weather={
		period={
			between={ 0.0 30.11 }
			temperature={ -14.0 4.0 }
			no_phenomenon=0.775
			rain_light=0.000
			rain_heavy=0.000
			snow=0.075
			blizzard=0.075
			arctic_water=0.075
			mud=0.000
			sandstorm=0.000
			min_snow_level=0.0
		}
	}
}
