
strategic_region={
	id=135
	name="STRATEGICREGION_135"
	provinces={
		426 481 585 618 683 700 712 714 717 719 728 731 735 742 745 748 750 757 759 765 775 1450 3413 3417 3435 3439 3443 3461 3464 3475 3487 3587 3597 3668 3682 3711 3717 3720 3726 3734 3746 3748 3752 3760 3765 3774 3777 3779 4463 6417 6445 6463 6468 6486 6490 6516 6620 6701 6702 6718 6730 6733 6736 6738 6741 6748 6750 6753 6755 6758 6760 6765 6768 6781 6783 6791 6794 6796 7554 7624 9415 9417 9426 9430 9440 9442 9455 9581 9592 9594 9645 9688 9691 9694 9696 9705 9707 9709 9720 9722 9726 9735 9739 9742 9744 9753 11400 11403 11416 11418 11429 11434 11450 11559 11566 11579 11632 11633 11661 11668 11678 11681 11690 11693 11694 11696 11706 11724 11727 11729 11736 
	}
	weather={
		period={
			between={ 1.1 30.6 }
			temperature={ -14.0 4.0 }
			no_phenomenon=0.775
			rain_light=0.000
			rain_heavy=0.000
			snow=0.075
			blizzard=0.075
			arctic_water=0.075
			mud=0.000
			sandstorm=0.000
			min_snow_level=0.0
		}
	}
	weather={
		period={
			between={ 1.7 31.12 }
			temperature={ 25.0 25.0 }
			no_phenomenon=0.775
			rain_light=0.000
			rain_heavy=0.000
			snow=0.000
			blizzard=0.000
			arctic_water=0.000
			mud=0.000
			sandstorm=0.000
			min_snow_level=0.0
		}
	}
}
