
strategic_region={
	id=140
	name="STRATEGICREGION_140"
	provinces={
		1891 1932 1951 1969 1975 1992 2001 2012 2025 2044 2050 2056 4889 4927 4938 4952 4972 4997 5013 5028 5045 5070 5101 7930 7950 7954 7978 7983 8021 8034 8039 8065 8071 8096 8109 8116 8122 10762 10788 10803 10812 10820 10829 10831 10836 10862 10915 10919 12707 12731 12742 12751 12762 12785 12787 12794 12817 12838 12843 12851 12874 12900 13136 13212 
	}
	weather={
		period={
			between={ 0.0 30.11 }
			temperature={ -14.0 4.0 }
			no_phenomenon=0.775
			rain_light=0.000
			rain_heavy=0.000
			snow=0.075
			blizzard=0.075
			arctic_water=0.075
			mud=0.000
			sandstorm=0.000
			min_snow_level=0.0
		}
	}
}
