
strategic_region={
	id=151
	name="STRATEGICREGION_151"
	provinces={
		1674 1718 1726 1733 1765 1768 1784 1790 1824 1856 1860 4366 4681 4730 4734 4767 4771 4806 4817 4827 4840 4866 7274 7655 7685 7687 7722 7781 7789 7793 7825 7837 7849 7861 7882 10529 10533 10555 10561 10613 10617 10652 10663 10673 10686 10692 12174 12510 12514 12536 12542 12574 12599 12606 12639 12672 12679 
	}
	weather={
		period={
			between={ 0.0 30.11 }
			temperature={ -14.0 4.0 }
			no_phenomenon=0.775
			rain_light=0.000
			rain_heavy=0.000
			snow=0.075
			blizzard=0.075
			arctic_water=0.075
			mud=0.000
			sandstorm=0.000
			min_snow_level=0.0
		}
	}
}
