
strategic_region={
	id=155
	name="STRATEGICREGION_155"
	provinces={
		814 836 846 881 892 916 930 934 964 972 987 1150 1499 1508 1558 1627 1638 3783 3814 3828 3839 3849 3877 3881 3895 3934 3955 3970 3978 4514 4561 4633 4642 6804 6837 6851 6852 6860 6893 6898 6910 6918 6937 6951 6969 6981 6988 7575 7633 7812 9768 9781 9788 9831 9835 9854 9873 9885  9927 10331 10426 10429 10499 11764 11771 11801 11808 11815 11836 11855 11886 11903 12337 12469 12478 
	}
	weather={
		period={
			between={ 0.0 30.11 }
			temperature={ -14.0 4.0 }
			no_phenomenon=0.775
			rain_light=0.000
			rain_heavy=0.000
			snow=0.075
			blizzard=0.075
			arctic_water=0.075
			mud=0.000
			sandstorm=0.000
			min_snow_level=0.0
		}
	}
}
