
strategic_region={
	id=197
	name="STRATEGICREGION_197"
	provinces={
		598 706 715 718 733 734 859 905 908 1282 1338 1436 1619 3602 3702 3710 3712 3715 3732 3733 3747 3806 3878 3894 3906 4287 4445 6707 6717 6719 6732 6778 6795 6909 6911 6916 7462 7629 9664 9673 9675 9693 9708 9721 9754 9774 9832 9847 9850 10247 10318 10381 10481 11650 11654 11660 11662 11665 11680 11722 11830 12202 12221 12459 13157 13158 
	}
	weather={
		period={
			between={ 0.0 30.11 }
			temperature={ -14.0 4.0 }
			no_phenomenon=0.775
			rain_light=0.000
			rain_heavy=0.000
			snow=0.075
			blizzard=0.075
			arctic_water=0.075
			mud=0.000
			sandstorm=0.000
			min_snow_level=0.0
		}
	}
}
