
strategic_region={
	id=198
	name="STRATEGICREGION_198"
	provinces={
		659 689 691 695 703 709 720 751 827 831 870 882 926 954 971 1527 1560 1595 1604 1655 1760 1849 1881 3685 3699 3766 3829 3853 3872 4029 4166 4437 4442 4508 4527 4531 4590 4601 4738 4834 4854 5205 6710 6713 6737 6769 6782 6855 6874 6890 7420 7528 7551 7611 7626 7776 7829 7831 9450 9653 9654 9657 9678 9682 9684 9724 9746 9747 9760 9775 9796 9808 9810 9825 10233 10303 10339 10341 10393 10448 10457 10461 10526 10599 11589 11621 11635 11637 11641 11656 11669 11685 11714 11731 11760 11776 11791 11890 12305 12312 12357 12365 12368 12437 12456 12497 12697 13154 13155 13199 13200 13201 
	}
	weather={
		period={
			between={ 0.0 30.11 }
			temperature={ -14.0 4.0 }
			no_phenomenon=0.775
			rain_light=0.000
			rain_heavy=0.000
			snow=0.075
			blizzard=0.075
			arctic_water=0.075
			mud=0.000
			sandstorm=0.000
			min_snow_level=0.0
		}
	}
}
