
strategic_region={
	id=20
	name="STRATEGICREGION_20"
	provinces={
		590 620 625 641 651 669 743 752 755 760 762 764 769 778 780 911 929 943 956 958 3589 3594 3598 3621 3626 3650 3655 3740 3749 3751 3754 3762 3764 3768 3770 3771 3915 3928 3946 3948 3959 3961 6609 6613 6618 6621 6639 6644 6648 6651 6668 6759 6762 6766 6770 6773 6775 6777 6784 6786 6789 6792 6915 6917 6931 6960 6962 6975 9590 9593 9603 9607 9629 9710 9717 9723 9728 9732 9734 9736 9737 9745 9748 9751 9853 9882 9884 9898 9909 11565 11573 11576 11593 11697 11699 11702 11709 11711 11713 11716 11718 11720 11794 11834 11849 11869 11875 11877 12169 
	}
	weather={
		period={
			between={ 0.0 30.11 }
			temperature={ -14.0 4.0 }
			no_phenomenon=0.775
			rain_light=0.000
			rain_heavy=0.000
			snow=0.075
			blizzard=0.075
			arctic_water=0.075
			mud=0.000
			sandstorm=0.000
			min_snow_level=0.0
		}
	}
}
