
strategic_region={
	id=219
	name="STRATEGICREGION_219"
	provinces={
		850 853 868 1658 1663 1738 1740 1756 1793 1809 1827 1972 2102 3834 3867 3869 3883 4668 4742 4796 4865 4975 5044 6887 6897 7684 7747 7764 7780 7818 7821 7920 7999 8070 8115 9792 10535 10573 10582 10588 10642 10645 10651 10662 10783 10867 10914 11772 11814 12552 12570 12573 12627 12642 12684 12699 12720 12765 12791 13153 
	}
	weather={
		period={
			between={ 0.0 30.11 }
			temperature={ -14.0 4.0 }
			no_phenomenon=0.775
			rain_light=0.000
			rain_heavy=0.000
			snow=0.075
			blizzard=0.075
			arctic_water=0.075
			mud=0.000
			sandstorm=0.000
			min_snow_level=0.0
		}
	}
}
