strategic_region={
	id=230
	name="STRATEGICREGION_230"
	provinces={
		1213 1228 1238 1268 1321 1344 1381 1409 1412 1430 4219 4278 4315 4321 4327 4344 4365 4414 4416 4420 5032 7244 7260 7265 7288 7297 7310 7340 7344 7363 7391 7395 7402 7436 7447 8011 8067 8100 10130 10149 10152 10190 10201 10208 10229 10246 10274 10278 10287 10296 10756 10808 10897 12146 12164 12180 12247 12258 12275 12734 12779 
	}
	weather={
		period={
			between={ 0.0 30.11 }
			temperature={ -14.0 4.0 }
			no_phenomenon=0.775
			rain_light=0.000
			rain_heavy=0.000
			snow=0.075
			blizzard=0.075
			arctic_water=0.075
			mud=0.000
			sandstorm=0.000
			min_snow_level=0.0
		}
	}
}
