
strategic_region={
	id=243
	name="STRATEGICREGION_243"
	provinces={
		783 800 861 887 927 944 945 946 973 1567 1571 3791 3888 3913 3929 3932 3944 3947 3949 4503 4551 4572 6806 6811 6863 6868 6905 6947 6964 7523 7569 7591 7652 7663 7670 9623 9759 9766 9782 9798 9803 9841 9848 9866 9883 9897 9913 9928 10215 10376 10433 10463 10503 10519 10521 11744 11781 11823 11850 11862 11864 11893 11906 12342 12355 12412 12443 12482 12500 
	}
	weather={
		period={
			between={ 0.0 30.11 }
			temperature={ -14.0 4.0 }
			no_phenomenon=0.775
			rain_light=0.000
			rain_heavy=0.000
			snow=0.075
			blizzard=0.075
			arctic_water=0.075
			mud=0.000
			sandstorm=0.000
			min_snow_level=0.0
		}
	}
}
