
strategic_region={
	id=247
	name="STRATEGICREGION_247"
	provinces={
		996 1001 1004 1029 1076 1083 1089 1099 1121 1125 1139 1146 1153 1161 1171 1603 4001 4005 4031 4058 4066 4079 4082 4091 4105 4123 4144 4148 4158 4173 4203 4519 4547 4606 6932 7007 7014 7025 7035 7074 7085 7094 7104 7120 7126 7142 7181 7222 7459 7508 7540 7568 7637 7656 9937 9953 9958 9959 9995 10008 10017 10034 10040 10044 10064 10076 10079 10095 10098 10364 10434 10446 11913 11916 11928 11931 11937 11973 11982 11994 12012 12019 12036 12052 12055 12061 12067 12076 12426 13142 13144 
	}
	weather={
		period={
			between={ 1.1 30.6 }
			temperature={ -14.0 4.0 }
			no_phenomenon=0.775
			rain_light=0.000
			rain_heavy=0.000
			snow=0.075
			blizzard=0.075
			arctic_water=0.075
			mud=0.000
			sandstorm=0.000
			min_snow_level=0.0
		}
	}
	weather={
		period={
			between={ 1.7 31.12 }
			temperature={ 25.0 25.0 }
			no_phenomenon=0.775
			rain_light=0.000
			rain_heavy=0.000
			snow=0.000
			blizzard=0.000
			arctic_water=0.000
			mud=0.000
			sandstorm=0.000
			min_snow_level=0.0
		}
	}
}
