
strategic_region={
	id=267
	name="STRATEGICREGION_267"
	provinces={
		475 642 756 1479 1493 1517 1576 1593 1614 1632 1649 1721 3593 4482 4488 4523 4549 4563 4599 4618 4620 4958 5003 7477 7491 7541 7560 7563 7618 7635 7641 7924 8099 9605 10262 10348 10357 10359 10395 10406 10414 10435 10485 10510 10742 11701 12163 12233 12324 12333 12359 12383 12454 12465 12471 12474 12491 13008 13207 
	}
	weather={
		period={
			between={ 0.0 30.11 }
			temperature={ -14.0 4.0 }
			no_phenomenon=0.775
			rain_light=0.000
			rain_heavy=0.000
			snow=0.075
			blizzard=0.075
			arctic_water=0.075
			mud=0.000
			sandstorm=0.000
			min_snow_level=0.0
		}
	}
}
