
strategic_region={
	id=277
	name="STRATEGICREGION_277"
	provinces={
		7 30 82 103 120 124 132 158 162 167 195 197 203 2992 3026 3055 3069 3073 3097 3107 3115 3149 3153 3156 3158 3193 6012 6045 6061 6076 6081 6087 6128 6134 6137 6142 6179 6183 6212 9112 9140 9158 9189 9223 9233 11024 11030 11041 11079 11081 11085 11115 11121 11125 11130 11132 11142 11164 11167 11204 
	}
	weather={
		period={
			between={ 0.0 30.11 }
			temperature={ -14.0 4.0 }
			no_phenomenon=0.775
			rain_light=0.000
			rain_heavy=0.000
			snow=0.075
			blizzard=0.075
			arctic_water=0.075
			mud=0.000
			sandstorm=0.000
			min_snow_level=0.0
		}
	}
}
